0.000000
0.033333
0.066667
0.100000
0.133333
0.166667
0.200000
0.233333
0.266667
0.300000
0.333333
0.366667
0.400000
0.433333
0.466667
0.500000
0.533333
0.566667
0.600000
0.633333
0.666667
0.700000
0.733333
0.766667
0.800000
0.833333
0.866667
0.900000
0.933333
0.966667
1.000000
1.033333
1.066667
1.600000
2.133333
2.666667
3.200000
3.733333
4.033333
4.066667
4.100000
4.133333
4.166667
4.200000
4.233333
4.266667
4.300000
4.333333
4.366667
4.400000
4.433333
4.466667
4.500000
4.533333
4.566667
4.600000
4.633333
4.666667
4.700000
4.733333
4.766667
4.800000
4.833333
4.866667
4.900000
4.933333
4.966667
5.000000
5.033333
5.066667
5.100000
5.133333
5.166667
5.200000
5.233333
5.266667
5.300000
5.333333
5.366667
5.400000
5.433333
5.466667
5.500000
5.533333
5.566667
5.600000
5.633333
5.666667
5.700000
5.733333
5.766667
5.800000
5.833333
5.866667
5.900000
5.933333
5.966667
6.000000
6.033333
6.066667
6.100000
6.133333
6.166667
6.200000
6.233333
6.266667
6.300000
6.333333
6.366667
6.400000
6.433333
6.466667
6.500000
6.533333
6.566667
6.600000
6.633333
6.666667
6.700000
6.733333
6.766667
6.800000
6.833333
6.866667
6.900000
6.933333
6.966667
7.000000
7.033333
7.066667
7.100000
7.133333
7.166667
7.200000
7.233333
7.266667
7.300000
7.333333
7.366667
7.400000
7.433333
7.466667
7.500000
7.533333
7.566667
7.600000
7.633333
7.666667
7.700000
7.733333
7.766667
7.800000
7.833333
7.866667
7.900000
7.933333
7.966667
8.000000
8.033333
8.066667
8.100000
8.133333
8.166667
8.200000
8.233333
8.266667
8.300000
8.333333
8.366667
8.400000
8.433333
8.466667
8.500000
8.533333
8.566667
8.600000
8.633333
8.666667
8.700000
8.733333
8.766667
8.800000
8.833333
8.866667
8.900000
8.933333
8.966667
9.000000
9.033333
9.066667
9.100000
9.133333
9.166667
9.200000
9.233333
9.266667
9.300000
9.333333
9.366667
9.400000
9.433333
9.466667
9.500000
9.533333
9.566667
9.600000
9.633333
9.666667
9.700000
9.733333
9.766667
9.800000
9.833333
9.866667
9.900000
9.933333
9.966667
10.000000
10.033333
10.066667
10.100000
10.133333
10.166667
10.200000
10.233333
10.266667
10.300000
10.333333
10.366667
10.400000
10.433333
10.466667
10.500000
10.533333
10.566667
10.600000
10.633333
10.666667
10.700000
10.733333
10.766667
10.800000
10.833333
10.866667
10.900000
10.933333
10.966667
11.000000
11.033333
11.066667
11.100000
11.133333
11.166667
11.200000
11.233333
11.266667
11.300000
11.333333
11.366667
11.400000
11.433333
11.466667
11.500000
11.533333
11.566667
11.600000
11.633333
11.666667
11.700000
11.733333
11.766667
11.800000
11.833333
11.866667
11.900000
11.933333
11.966667
12.000000
12.033333
12.066667
12.100000
12.133333
12.166667
12.200000
12.233333
12.266667
12.300000
12.333333
12.366667
12.400000
12.433333
12.466667
12.500000
12.533333
12.566667
12.600000
12.633333
12.666667
12.700000
12.733333
12.766667
12.800000
12.833333
12.866667
12.900000
12.933333
12.966667
13.000000
13.033333
13.066667
13.100000
13.133333
13.166667
13.200000
13.233333
13.266667
13.300000
13.333333
13.366667
13.400000
13.433333
13.466667
13.500000
13.533333
13.566667
13.600000
13.633333
13.666667
13.700000
13.733333
13.766667
13.800000
13.833333
13.866667
13.900000
13.933333
13.966667
14.000000
14.033333
14.066667
14.100000
14.133333
14.166667
14.200000
14.233333
14.266667
14.300000
14.333333
14.366667
14.400000
14.433333
14.466667
14.500000
14.533333
14.566667
14.600000
14.633333
14.666667
14.700000
14.733333
14.766667
14.800000
14.833333
14.866667
14.900000
14.933333
14.966667
15.000000
15.033333
15.066667
15.100000
15.133333
15.166667
15.200000
15.233333
15.266667
15.300000
15.333333
15.366667
15.400000
15.433333
15.466667
15.500000
15.533333
15.566667
15.600000
15.633333
15.666667
15.700000
15.733333
15.766667
15.800000
15.833333
15.866667
15.900000
15.933333
15.966667
16.000000
16.033333
16.066667
16.100000
16.133333
16.166667
16.200000
16.233333
16.266667
16.300000
16.333333
16.366667
16.400000
16.433333
16.466667
16.500000
16.533333
16.566667
16.600000
16.633333
16.666667
16.700000
16.733333
16.766667
16.800000
16.833333
16.866667
16.900000
16.933333
16.966667
17.000000
17.033333
17.066667
17.100000
17.133333
17.166667
17.200000
17.233333
17.266667
17.300000
17.333333
17.366667
17.400000
17.433333
17.466667
17.500000
17.533333
17.566667
17.600000
17.633333
17.666667
17.700000
17.733333
17.766667
17.800000
17.833333
17.866667
17.900000
17.933333
17.966667
18.000000
18.033333
18.066667
18.100000
18.133333
18.166667
18.200000
18.233333
18.266667
18.300000
18.333333
18.366667
18.400000
18.433333
18.466667
18.500000
18.533333
18.566667
18.600000
18.633333
18.666667
18.700000
18.733333
18.766667
18.800000
18.833333
18.866667
18.900000
18.933333
18.966667
19.000000
19.033333
19.066667
19.100000
19.133333
19.166667
19.200000
19.233333
19.266667
19.300000
19.333333
19.366667
19.400000
19.433333
19.466667
19.500000
19.533333
19.566667
19.600000
19.633333
19.666667
19.700000
19.733333
19.766667
19.800000
19.833333
19.866667
19.900000
19.933333
19.966667
20.000000
20.033333
20.066667
20.100000
20.133333
20.166667
20.200000
20.233333
20.266667
20.300000
20.333333
20.366667
20.400000
20.433333
20.466667
20.500000
20.533333
20.566667
20.600000
20.633333
20.666667
20.700000
20.733333
20.766667
20.800000
20.833333
20.866667
20.900000
20.933333
20.966667
21.000000
21.033333
21.066667
21.100000
21.133333
21.166667
21.200000
21.233333
21.266667
21.300000
21.333333
21.366667
21.400000
21.433333
21.466667
21.500000
21.533333
21.566667
21.600000
21.633333
21.666667
21.700000
21.733333
21.766667
21.800000
21.833333
21.866667
21.900000
21.933333
21.966667
22.000000
22.033333
22.066667
22.100000
22.133333
22.166667
22.200000
22.233333
22.266667
22.300000
22.333333
22.366667
22.400000
22.433333
22.466667
22.500000
22.533333
22.566667
22.600000
22.633333
22.666667
22.700000
22.733333
22.766667
22.800000
22.833333
22.866667
22.900000
22.933333
22.966667
23.000000
23.033333
23.066667
23.100000
23.133333
23.166667
23.200000
23.233333
23.266667
23.300000
23.333333
23.366667
23.400000
23.433333
23.466667
23.500000
23.533333
23.566667
23.600000
23.633333
23.666667
23.700000
23.733333
23.766667
23.800000
23.833333
23.866667
23.900000
23.933333
23.966667
24.000000
24.033333
24.066667
24.100000
24.133333
24.166667
24.200000
24.233333
24.266667
24.300000
24.333333
24.366667
24.400000
24.433333
24.466667
24.500000
24.533333
24.566667
24.600000
24.633333
24.666667
24.700000
24.733333
24.766667
24.800000
24.833333
24.866667
24.900000
24.933333
24.966667
25.000000
25.033333
25.066667
25.100000
25.133333
25.166667
25.200000
25.233333
25.266667
25.300000
25.333333
25.366667
25.400000
25.433333
25.466667
25.500000
25.533333
25.566667
25.600000
25.633333
25.666667
25.700000
25.733333
25.766667
25.800000
25.833333
25.866667
25.900000
25.933333
25.966667
26.000000
26.033333
26.066667
26.100000
26.133333
26.166667
26.200000
26.233333
26.266667
26.300000
26.333333
26.366667
26.400000
26.433333
26.466667
26.500000
26.533333
26.566667
26.600000
26.633333
26.666667
26.700000
26.733333
26.766667
26.800000
26.833333
26.866667
26.900000
26.933333
26.966667
27.000000
27.033333
27.066667
27.100000
27.133333
27.166667
27.200000
27.233333
27.266667
27.300000
27.333333
27.366667
27.400000
27.433333
27.466667
27.500000
27.533333
27.566667
27.600000
27.633333
27.666667
27.700000
27.733333
27.766667
27.800000
27.833333
27.866667
27.900000
27.933333
27.966667
28.000000
28.033333
28.066667
28.100000
28.133333
28.166667
28.200000
28.233333
28.266667
28.300000
28.333333
28.366667
28.400000
28.433333
28.466667
28.500000
28.533333
28.566667
28.600000
28.633333
28.666667
28.700000
28.733333
28.766667
28.800000
28.833333
28.866667
28.900000
28.933333
28.966667
29.000000
29.033333
29.066667
29.100000
29.133333
29.166667
29.200000
29.233333
29.266667
29.300000
29.333333
29.366667
29.400000
29.433333
29.466667
29.500000
29.533333
29.566667
29.600000
29.633333
29.666667
29.700000
29.733333
29.766667
29.800000
29.833333
29.866667
29.900000
29.933333
29.966667
30.000000
30.033333
30.066667
30.100000
30.133333
30.166667
30.200000
30.233333
30.266667
30.300000
30.333333
30.366667
30.400000
30.433333
30.466667
30.500000
30.533333
30.566667
30.600000
30.633333
30.666667
30.700000
30.733333
30.766667
30.800000
30.833333
30.866667
30.900000
30.933333
30.966667
31.000000
31.033333
31.066667
31.100000
31.133333
31.166667
31.200000
31.233333
31.266667
31.300000
31.333333
31.366667
31.400000
31.433333
31.466667
31.500000
31.533333
31.566667
32.000000
32.533333
32.800000
32.833333
32.866667
32.900000
32.933333
32.966667
33.000000
33.033333
33.066667
33.100000
33.133333
33.166667
33.200000
33.233333
33.266667
33.300000
33.333333
33.366667
33.400000
33.433333
33.466667
33.500000
33.533333
33.566667
33.600000
33.633333
33.666667
33.700000
33.733333
33.766667
33.800000
33.833333
33.866667
33.900000
33.933333
33.966667
34.000000
34.033333
34.066667
34.100000
34.133333
34.166667
34.200000
34.233333
34.266667
34.300000
34.333333
34.366667
34.400000
34.433333
34.466667
34.500000
34.533333
34.566667
34.600000
34.633333
34.666667
34.700000
34.733333
34.766667
34.800000
34.833333
34.866667
34.900000
34.933333
34.966667
35.000000
35.033333
35.066667
35.100000
35.133333
35.166667
35.200000
35.233333
35.266667
35.300000
35.333333
35.366667
35.400000
35.433333
35.466667
35.500000
35.533333
35.566667
35.600000
35.633333
35.666667
35.700000
35.733333
35.766667
35.800000
35.833333
35.866667
35.900000
35.933333
35.966667
36.000000
36.033333
36.066667
36.100000
36.133333
36.166667
36.200000
36.233333
36.266667
36.300000
36.333333
36.366667
36.400000
36.433333
36.466667
36.500000
36.533333
36.566667
36.600000
36.633333
36.666667
36.700000
36.733333
36.766667
36.800000
36.833333
36.866667
36.900000
36.933333
36.966667
37.000000
37.033333
37.066667
37.100000
37.133333
37.166667
37.200000
37.233333
37.266667
37.300000
37.333333
37.366667
37.400000
37.433333
37.466667
37.500000
37.533333
37.566667
37.600000
37.633333
37.666667
37.700000
37.733333
37.766667
37.800000
37.833333
37.866667
37.900000
37.933333
37.966667
38.000000
38.033333
38.066667
38.100000
38.133333
38.166667
38.200000
38.233333
38.266667
38.300000
38.333333
38.366667
38.400000
38.433333
38.466667
38.500000
38.533333
38.566667
38.600000
38.633333
38.666667
38.700000
38.733333
38.766667
38.800000
38.833333
38.866667
38.900000
38.933333
38.966667
39.000000
39.033333
39.066667
39.100000
39.133333
39.166667
39.200000
39.233333
39.266667
39.300000
39.333333
39.366667
39.400000
39.433333
39.466667
39.500000
39.533333
39.566667
39.600000
39.633333
39.666667
39.700000
39.733333
39.766667
39.800000
39.833333
39.866667
39.900000
39.933333
39.966667
40.000000
40.033333
40.066667
40.100000
40.133333
40.166667
40.200000
40.233333
40.266667
40.300000
40.333333
40.366667
40.400000
40.433333
40.466667
40.500000
40.533333
40.566667
40.600000
40.633333
40.666667
40.700000
40.733333
40.766667
40.800000
40.833333
40.866667
40.900000
40.933333
40.966667
41.000000
41.033333
41.066667
41.100000
41.133333
41.166667
41.200000
41.233333
41.266667
41.300000
41.333333
41.366667
41.400000
41.433333
41.466667
41.500000
41.533333
41.566667
41.600000
41.633333
41.666667
41.700000
41.733333
41.766667
41.800000
41.833333
41.866667
41.900000
41.933333
41.966667
42.000000
42.033333
42.066667
42.100000
42.133333
42.166667
42.200000
42.233333
42.266667
42.300000
42.333333
42.366667
42.400000
42.433333
42.466667
42.500000
42.533333
42.566667
42.600000
42.633333
42.666667
42.700000
42.733333
42.766667
42.800000
42.833333
42.866667
42.900000
42.933333
42.966667
43.000000
43.033333
43.066667
43.100000
43.133333
43.166667
43.200000
43.233333
43.266667
43.300000
43.333333
43.366667
43.400000
43.433333
43.466667
43.500000
43.533333
43.566667
43.600000
43.633333
43.666667
43.700000
43.733333
43.766667
43.800000
43.833333
43.866667
43.900000
43.933333
43.966667
44.000000
44.033333
44.066667
44.100000
44.133333
44.166667
44.200000
44.233333
44.266667
44.300000
44.333333
44.366667
44.400000
44.433333
44.466667
44.500000
44.533333
44.566667
44.600000
44.633333
44.666667
44.700000
44.733333
44.766667
44.800000
44.833333
44.866667
44.900000
44.933333
44.966667
45.000000
45.033333
45.066667
45.100000
45.133333
45.166667
45.200000
45.233333
45.266667
45.300000
45.333333
45.366667
45.400000
45.433333
45.466667
45.500000
45.533333
45.566667
45.600000
45.633333
45.666667
45.700000
45.733333
45.766667
45.800000
45.833333
45.866667
45.900000
45.933333
45.966667
46.000000
46.033333
46.066667
46.100000
46.133333
46.166667
46.200000
46.233333
46.266667
46.300000
46.333333
46.366667
46.400000
46.433333
46.466667
46.500000
46.533333
46.566667
46.600000
46.633333
46.666667
46.700000
46.733333
46.766667
46.800000
46.833333
46.866667
46.900000
46.933333
46.966667
47.000000
47.033333
47.066667
47.100000
47.133333
47.166667
47.200000
47.233333
47.266667
47.300000
47.333333
47.366667
47.400000
47.433333
47.466667
47.500000
47.533333
47.566667
47.600000
47.633333
47.666667
47.700000
47.733333
47.766667
47.800000
47.833333
47.866667
47.900000
47.933333
47.966667
48.000000
48.033333
48.066667
48.100000
48.133333
48.166667
48.200000
48.233333
48.266667
48.300000
48.333333
48.366667
48.400000
48.433333
48.466667
48.500000
48.533333
48.566667
48.600000
48.633333
48.666667
48.700000
48.733333
48.766667
48.800000
48.833333
48.866667
48.900000
48.933333
48.966667
49.000000
49.033333
49.066667
49.100000
49.133333
49.166667
49.200000
49.233333
49.266667
49.300000
49.333333
49.366667
49.400000
49.433333
49.466667
49.500000
49.533333
49.566667
49.600000
49.633333
49.666667
49.700000
49.733333
49.766667
49.800000
49.833333
49.866667
49.900000
49.933333
49.966667
50.000000
50.033333
50.066667
50.100000
50.133333
50.166667
50.200000
50.233333
50.266667
50.300000
50.333333
50.366667
50.400000
50.433333
50.466667
50.500000
50.533333
50.566667
50.600000
50.633333
50.666667
50.700000
50.733333
50.766667
50.800000
50.833333
50.866667
50.900000
50.933333
50.966667
51.000000
51.033333
51.066667
51.100000
51.133333
51.166667
51.200000
51.233333
51.266667
51.300000
51.333333
51.366667
51.400000
51.433333
51.466667
51.500000
51.533333
51.566667
51.600000
51.633333
51.666667
51.700000
51.733333
51.766667
51.800000
51.833333
51.866667
51.900000
51.933333
51.966667
52.000000
52.033333
52.066667
52.100000
52.133333
52.166667
52.200000
52.233333
52.266667
52.300000
52.333333
52.366667
52.400000
52.433333
52.466667
52.500000
52.533333
52.566667
52.600000
52.633333
52.666667
52.700000
52.733333
52.766667
52.800000
52.833333
52.866667
52.900000
52.933333
52.966667
53.000000
53.033333
53.066667
53.100000
53.133333
53.166667
53.200000
53.233333
53.266667
53.300000
53.333333
53.366667
53.400000
53.433333
53.466667
53.500000
53.533333
53.566667
53.600000
53.633333
53.666667
53.700000
53.733333
53.766667
53.800000
53.833333
53.866667
53.900000
53.933333
53.966667
54.000000
54.033333
54.066667
54.100000
54.133333
54.166667
54.200000
54.233333
54.266667
54.300000
54.333333
54.366667
54.400000
54.433333
54.466667
54.500000
54.533333
54.566667
54.600000
54.633333
54.666667
54.700000
54.733333
54.766667
54.800000
54.833333
54.866667
54.900000
54.933333
54.966667
55.000000
55.033333
55.066667
55.100000
55.133333
55.166667
55.200000
55.233333
55.266667
55.300000
55.333333
55.366667
55.400000
55.433333
55.466667
55.500000
55.533333
55.566667
55.600000
55.633333
55.666667
55.700000
55.733333
55.766667
55.800000
55.833333
55.866667
55.900000
55.933333
55.966667
56.000000
56.033333
56.066667
56.100000
56.133333
56.166667
56.200000
56.233333
56.266667
56.300000
56.333333
56.366667
56.400000
56.433333
56.466667
56.500000
56.533333
56.566667
56.600000
56.633333
56.666667
56.700000
56.733333
56.766667
56.800000
56.833333
56.866667
56.900000
56.933333
56.966667
57.000000
57.033333
57.066667
57.100000
57.133333
57.166667
57.200000
57.233333
57.266667
57.300000
57.333333
57.366667
57.400000
57.433333
57.466667
57.500000
57.533333
57.566667
57.600000
57.633333
57.666667
57.700000
57.733333
57.766667
57.800000
57.833333
57.866667
57.900000
57.933333
57.966667
58.000000
58.033333
58.066667
58.100000
58.133333
58.166667
58.200000
58.233333
58.266667
58.300000
58.333333
58.366667
58.400000
58.433333
58.466667
58.500000
58.533333
58.566667
58.600000
58.633333
58.666667
58.700000
58.733333
58.766667
58.800000
58.833333
58.866667
58.900000
58.933333
58.966667
59.000000
59.033333
59.066667
59.100000
59.133333
59.166667
59.200000
59.233333
59.266667
59.300000
59.333333
59.366667
59.400000
59.433333
59.466667
59.500000
59.533333
59.566667
59.600000
59.633333
59.666667
59.700000
59.733333
59.766667
59.800000
59.833333
59.866667
59.900000
59.933333
59.966667
60.000000
60.033333
60.066667
60.100000
60.133333
60.166667
60.200000
60.233333
60.266667
60.300000
60.333333
60.366667
60.400000
60.433333
60.466667
60.500000
60.533333
60.566667
60.600000
60.633333
60.666667
60.700000
60.733333
60.766667
60.800000
60.833333
60.866667
60.900000
60.933333
60.966667
61.000000
61.033333
61.066667
61.100000
61.133333
61.166667
61.200000
61.233333
61.266667
61.300000
61.333333
61.366667
61.400000
61.433333
61.466667
61.500000
61.533333
61.566667
61.600000
61.633333
61.666667
61.700000
61.733333
61.766667
61.800000
61.833333
61.866667
61.900000
61.933333
61.966667
62.000000
62.033333
62.066667
62.100000
62.133333
62.166667
62.200000
62.233333
62.266667
62.300000
62.333333
62.366667
62.400000
62.433333
62.466667
62.500000
62.533333
62.566667
62.600000
62.633333
62.666667
62.700000
62.733333
62.766667
62.800000
62.833333
62.866667
62.900000
62.933333
62.966667
63.000000
63.033333
63.066667
63.100000
63.133333
63.166667
63.200000
63.233333
63.266667
63.300000
63.333333
63.366667
63.400000
63.433333
63.466667
63.500000
63.533333
63.566667
63.600000
63.633333
63.666667
63.700000
63.733333
63.766667
63.800000
63.833333
63.866667
63.900000
63.933333
63.966667
64.000000
64.033333
64.066667
64.100000
64.133333
64.166667
64.200000
64.233333
64.266667
64.300000
64.333333
64.366667
64.400000
64.433333
64.466667
64.500000
64.533333
64.566667
64.600000
64.633333
64.666667
64.700000
64.733333
64.766667
64.800000
64.833333
64.866667
64.900000
64.933333
64.966667
65.000000
65.033333
65.066667
65.100000
65.133333
65.166667
65.200000
65.233333
65.266667
65.300000
65.333333
65.366667
65.400000
65.433333
65.466667
65.500000
65.533333
65.566667
65.600000
65.633333
65.666667
65.700000
65.733333
65.766667
65.800000
65.833333
65.866667
65.900000
65.933333
65.966667
66.000000
66.033333
66.066667
66.100000
66.133333
66.166667
66.200000
66.233333
66.266667
66.300000
66.333333
66.366667
66.400000
66.433333
66.466667
66.500000
66.533333
66.566667
66.600000
66.633333
66.666667
66.700000
66.733333
66.766667
66.800000
66.833333
66.866667
66.900000
66.933333
66.966667
67.000000
67.033333
67.066667
67.100000
67.133333
67.166667
67.200000
67.233333
67.266667
67.300000
67.333333
67.366667
67.400000
67.433333
67.466667
67.500000
67.533333
67.566667
67.600000
67.633333
67.666667
67.700000
67.733333
67.766667
67.800000
67.833333
67.866667
67.900000
67.933333
67.966667
68.000000
68.033333
68.066667
68.100000
68.133333
68.166667
68.200000
68.233333
68.266667
68.300000
68.333333
68.366667
68.400000
68.433333
68.466667
68.500000
68.533333
68.566667
68.600000
68.633333
68.666667
68.700000
68.733333
68.766667
68.800000
68.833333
68.866667
68.900000
68.933333
68.966667
69.000000
69.033333
69.066667
69.100000
69.133333
69.166667
69.200000
69.233333
69.266667
69.300000
69.333333
69.366667
69.400000
69.433333
69.466667
69.500000
69.533333
69.566667
69.600000
69.633333
69.666667
69.700000
69.733333
69.766667
69.800000
69.833333
69.866667
69.900000
69.933333
69.966667
70.000000
70.033333
70.066667
70.100000
70.133333
70.166667
70.200000
70.233333
70.266667
70.300000
70.333333
70.366667
70.400000
70.433333
70.466667
70.500000
70.533333
70.566667
70.600000
70.633333
70.666667
70.700000
70.733333
70.766667
70.800000
70.833333
70.866667
70.900000
70.933333
70.966667
71.000000
71.033333
71.066667
71.100000
71.133333
71.166667
71.200000
71.233333
71.266667
71.300000
71.333333
71.366667
71.400000
71.433333
71.466667
71.500000
71.533333
71.566667
71.600000
71.633333
71.666667
71.700000
71.733333
71.766667
71.800000
71.833333
71.866667
71.900000
71.933333
71.966667
72.000000
72.033333
72.066667
72.100000
72.133333
72.166667
72.200000
72.233333
72.266667
72.300000
72.333333
72.366667
72.400000
72.433333
72.466667
72.500000
72.533333
72.566667
72.600000
72.633333
72.666667
72.700000
72.733333
72.766667
72.800000
72.833333
72.866667
72.900000
72.933333
72.966667
73.000000
73.033333
73.066667
73.100000
73.133333
73.166667
73.200000
73.233333
73.266667
73.300000
73.333333
73.366667
73.400000
73.433333
73.466667
73.500000
73.533333
73.566667
73.600000
73.633333
73.666667
73.700000
73.733333
73.766667
73.800000
73.833333
73.866667
73.900000
73.933333
73.966667
74.000000
74.033333
74.066667
74.100000
74.133333
74.166667
74.200000
74.233333
74.266667
74.300000
74.333333
74.366667
74.400000
74.433333
74.466667
74.500000
74.533333
74.566667
74.600000
74.633333
74.666667
74.700000
74.733333
74.766667
74.800000
74.833333
74.866667
74.900000
74.933333
74.966667
75.000000
75.033333
75.066667
75.100000
75.133333
75.166667
75.200000
75.233333
75.266667
75.300000
75.333333
75.366667
75.400000
75.433333
75.466667
75.500000
75.533333
75.566667
75.600000
75.633333
75.666667
75.700000
75.733333
75.766667
75.800000
75.833333
75.866667
75.900000
75.933333
75.966667
76.000000
76.033333
76.066667
76.100000
76.133333
76.166667
76.200000
76.233333
76.266667
76.300000
76.333333
76.366667
76.400000
76.433333
76.466667
76.500000
76.533333
76.566667
76.600000
76.633333
76.666667
76.700000
76.733333
76.766667
76.800000
76.833333
76.866667
76.900000
76.933333
76.966667
77.000000
77.033333
77.066667
77.100000
77.133333
77.166667
77.200000
77.233333
77.266667
77.300000
77.333333
77.366667
77.400000
77.433333
77.466667
77.500000
77.533333
77.566667
77.600000
77.633333
77.666667
77.700000
77.733333
77.766667
77.800000
77.833333
77.866667
77.900000
77.933333
77.966667
78.000000
78.033333
78.066667
78.100000
78.133333
78.166667
78.200000
78.233333
78.266667
78.300000
78.333333
78.366667
78.400000
78.433333
78.466667
78.500000
78.533333
78.566667
78.600000
78.633333
78.666667
78.700000
78.733333
78.766667
78.800000
78.833333
78.866667
78.900000
78.933333
78.966667
79.000000
79.033333
79.066667
79.100000
79.133333
79.166667
79.200000
79.233333
79.266667
79.300000
79.333333
79.366667
79.400000
79.433333
79.466667
79.500000
79.533333
79.566667
79.600000
79.633333
79.666667
79.700000
79.733333
79.766667
79.800000
79.833333
79.866667
79.900000
79.933333
79.966667
80.000000
80.033333
80.066667
80.100000
80.133333
80.166667
80.200000
80.233333
80.266667
80.300000
80.333333
80.366667
80.400000
80.433333
80.466667
80.500000
80.533333
80.566667
80.600000
80.633333
80.666667
80.700000
80.733333
80.766667
80.800000
80.833333
80.866667
80.900000
80.933333
80.966667
81.000000
81.033333
81.066667
81.100000
81.133333
81.166667
81.200000
81.233333
81.266667
81.300000
81.333333
81.366667
81.400000
81.433333
81.466667
81.500000
81.533333
81.566667
81.600000
81.633333
81.666667
81.700000
81.733333
81.766667
81.800000
81.833333
81.866667
81.900000
81.933333
81.966667
82.000000
82.033333
82.066667
82.100000
82.133333
82.166667
82.200000
82.233333
82.266667
82.300000
82.333333
82.366667
82.400000
82.433333
82.466667
82.500000
82.533333
82.566667
82.600000
82.633333
82.666667
82.700000
82.733333
82.766667
82.800000
82.833333
82.866667
82.900000
82.933333
82.966667
83.000000
83.033333
83.066667
83.100000
83.133333
83.166667
83.200000
83.233333
83.266667
83.300000
83.333333
83.366667
83.400000
83.433333
83.466667
83.500000
83.533333
83.566667
83.600000
83.633333
83.666667
83.700000
83.733333
83.766667
83.800000
83.833333
83.866667
83.900000
83.933333
83.966667
84.000000
84.033333
84.066667
84.100000
84.133333
84.166667
84.200000
84.233333
84.266667
84.300000
84.333333
84.366667
84.400000
84.433333
84.466667
84.500000
84.533333
84.566667
84.600000
84.633333
84.666667
84.700000
84.733333
84.766667
84.800000
84.833333
84.866667
84.900000
84.933333
84.966667
85.000000
85.033333
85.066667
85.100000
85.133333
85.166667
85.200000
85.233333
85.266667
85.300000
85.333333
85.366667
85.400000
85.433333
85.466667
85.500000
85.533333
85.566667
85.600000
85.633333
85.666667
85.700000
85.733333
85.766667
85.800000
85.833333
85.866667
85.900000
85.933333
85.966667
86.000000
86.033333
86.066667
86.100000
86.133333
86.166667
86.200000
86.233333
86.266667
86.300000
86.333333
86.366667
86.400000
86.433333
86.466667
86.500000
86.533333
86.566667
86.600000
86.633333
86.666667
86.700000
86.733333
86.766667
86.800000
86.833333
86.866667
86.900000
86.933333
86.966667
87.000000
87.033333
87.066667
87.100000
87.133333
87.166667
87.200000
87.233333
87.266667
87.300000
87.333333
87.366667
87.400000
87.433333
87.466667
87.500000
87.533333
87.566667
87.600000
87.633333
87.666667
87.700000
87.733333
87.766667
87.800000
87.833333
87.866667
87.900000
87.933333
87.966667
88.000000
88.033333
88.066667
88.100000
88.133333
88.166667
88.200000
88.233333
88.266667
88.300000
88.333333
88.366667
88.400000
88.433333
88.466667
88.500000
88.533333
88.566667
88.600000
88.633333
88.666667
88.700000
88.733333
88.766667
88.800000
88.833333
88.866667
88.900000
88.933333
88.966667
89.000000
89.033333
89.066667
89.100000
89.133333
89.166667
89.200000
89.233333
89.266667
89.300000
89.333333
89.366667
89.400000
89.433333
89.466667
89.500000
89.533333
89.566667
89.600000
89.633333
89.666667
89.700000
89.733333
89.766667
89.800000
89.833333
89.866667
89.900000
89.933333
89.966667
90.000000
90.033333
90.066667
90.100000
90.133333
90.166667
90.200000
90.233333
90.266667
90.300000
90.333333
90.366667
90.400000
90.433333
90.466667
90.500000
90.533333
90.566667
90.600000
90.633333
90.666667
90.700000
90.733333
90.766667
90.800000
90.833333
90.866667
90.900000
90.933333
90.966667
91.000000
91.033333
91.066667
91.100000
91.133333
91.166667
91.200000
91.233333
91.266667
91.300000
91.333333
91.366667
91.400000
91.433333
91.466667
91.500000
91.533333
91.566667
91.600000
91.633333
91.666667
91.700000
91.733333
91.766667
91.800000
91.833333
91.866667
91.900000
91.933333
91.966667
92.000000
92.033333
92.066667
92.100000
92.133333
92.166667
92.200000
92.233333
92.266667
92.300000
92.333333
92.366667
92.400000
92.433333
92.466667
92.500000
92.533333
92.566667
92.600000
92.633333
92.666667
92.700000
92.733333
92.766667
92.800000
92.833333
92.866667
92.900000
92.933333
92.966667
93.000000
93.033333
93.066667
93.100000
93.133333
93.166667
93.200000
93.233333
93.266667
93.300000
93.333333
93.366667
93.400000
93.433333
93.466667
93.500000
93.533333
93.566667
93.600000
93.633333
93.666667
93.700000
93.733333
93.766667
93.800000
93.833333
93.866667
93.900000
93.933333
93.966667
94.000000
94.033333
94.066667
94.100000
94.133333
94.166667
94.200000
94.233333
94.266667
94.300000
94.333333
94.366667
94.400000
94.433333
94.466667
94.500000
94.533333
94.566667
94.600000
94.633333
94.666667
94.700000
94.733333
94.766667
94.800000
94.833333
94.866667
94.900000
94.933333
94.966667
95.000000
95.033333
95.066667
95.100000
95.133333
95.166667
95.200000
95.233333
95.266667
95.300000
95.333333
95.366667
95.400000
95.433333
95.466667
95.500000
95.533333
95.566667
95.600000
95.633333
95.666667
95.700000
95.733333
95.766667
95.800000
95.833333
95.866667
95.900000
95.933333
95.966667
96.000000
96.033333
96.066667
96.100000
96.133333
96.166667
96.200000
96.233333
96.266667
96.300000
96.333333
96.366667
96.400000
96.433333
96.466667
96.500000
96.533333
96.566667
96.600000
96.633333
96.666667
96.700000
96.733333
96.766667
96.800000
96.833333
96.866667
96.900000
96.933333
96.966667
97.000000
97.033333
97.066667
97.100000
97.133333
97.166667
97.200000
97.233333
97.266667
97.300000
97.333333
97.366667
97.400000
97.433333
97.466667
97.500000
97.533333
97.566667
97.600000
97.633333
97.666667
97.700000
97.733333
97.766667
97.800000
97.833333
97.866667
97.900000
97.933333
97.966667
98.000000
98.033333
98.066667
98.100000
98.133333
98.166667
98.200000
98.233333
98.266667
98.300000
98.333333
98.366667
98.400000
98.433333
98.466667
98.500000
98.533333
98.566667
98.600000
98.633333
98.666667
98.700000
98.733333
98.766667
98.800000
98.833333
98.866667
98.900000
98.933333
98.966667
99.000000
99.033333
99.066667
99.100000
99.133333
99.166667
99.200000
99.233333
99.266667
99.300000
99.333333
99.366667
99.400000
99.433333
99.466667
99.500000
99.533333
99.566667
99.600000
99.633333
99.666667
99.700000
99.733333
99.766667
99.800000
99.833333
99.866667
99.900000
99.933333
99.966667
100.000000
100.033333
100.066667
100.100000
100.133333
100.166667
100.200000
100.233333
100.266667
100.300000
100.333333
100.366667
100.400000
100.433333
100.466667
100.500000
100.533333
100.566667
100.600000
100.633333
100.666667
100.700000
100.733333
100.766667
100.800000
100.833333
100.866667
100.900000
100.933333
100.966667
101.000000
101.033333
101.066667
101.100000
101.133333
101.166667
101.200000
101.233333
101.266667
101.300000
101.333333
101.366667
101.400000
101.433333
101.466667
101.500000
101.533333
101.566667
101.600000
101.633333
101.666667
101.700000
101.733333
101.766667
101.800000
101.833333
101.866667
101.900000
101.933333
101.966667
102.000000
102.033333
102.066667
102.100000
102.133333
102.166667
102.200000
102.233333
102.266667
102.300000
102.333333
102.366667
102.400000
102.433333
102.466667
102.500000
102.533333
102.566667
102.600000
102.633333
102.666667
102.700000
102.733333
102.766667
102.800000
102.833333
102.866667
102.900000
102.933333
102.966667
103.000000
103.033333
103.066667
103.100000
103.133333
103.166667
103.200000
103.233333
103.266667
103.300000
103.333333
103.366667
103.400000
103.433333
103.466667
103.500000
103.533333
103.566667
103.600000
103.633333
103.666667
103.700000
103.733333
103.766667
103.800000
103.833333
103.866667
103.900000
103.933333
103.966667
104.000000
104.033333
104.066667
104.100000
104.133333
104.166667
104.200000
104.233333
104.266667
104.300000
104.333333
104.366667
104.400000
104.433333
104.466667
104.500000
104.533333
104.566667
104.600000
104.633333
104.666667
104.700000
104.733333
104.766667
104.800000
104.833333
104.866667
104.900000
104.933333
104.966667
105.000000
105.033333
105.066667
105.100000
105.133333
105.166667
105.200000
105.233333
105.266667
105.300000
105.333333
105.366667
105.400000
105.433333
105.466667
105.500000
105.533333
105.566667
105.600000
105.633333
105.666667
105.700000
105.733333
105.766667
105.800000
105.833333
105.866667
105.900000
105.933333
105.966667
106.000000
106.033333
106.066667
106.100000
106.133333
106.166667
106.200000
106.233333
106.266667
106.300000
106.333333
106.366667
106.400000
106.433333
106.466667
106.500000
106.533333
106.566667
106.600000
106.633333
106.666667
106.700000
106.733333
106.766667
106.800000
106.833333
106.866667
106.900000
106.933333
106.966667
107.000000
107.033333
107.066667
107.100000
107.133333
107.166667
107.200000
107.233333
107.266667
107.300000
107.333333
107.366667
107.400000
107.433333
107.466667
107.500000
107.533333
107.566667
107.600000
107.633333
107.666667
107.700000
107.733333
107.766667
107.800000
107.833333
107.866667
107.900000
107.933333
107.966667
108.000000
108.033333
108.066667
108.100000
108.133333
108.166667
108.200000
108.233333
108.266667
108.300000
108.333333
108.366667
108.400000
108.433333
108.466667
108.500000
108.533333
108.566667
108.600000
108.633333
108.666667
108.700000
108.733333
108.766667
108.800000
108.833333
108.866667
108.900000
108.933333
108.966667
109.000000
109.033333
109.066667
109.100000
109.133333
109.166667
109.200000
109.233333
109.266667
109.300000
109.333333
109.366667
109.400000
109.433333
109.466667
109.500000
109.533333
109.566667
109.600000
109.633333
109.666667
109.700000
109.733333
109.766667
109.800000
109.833333
109.866667
109.900000
109.933333
109.966667
110.000000
110.033333
110.066667
110.100000
110.133333
110.166667
110.200000
110.233333
110.266667
110.300000
110.333333
110.366667
110.400000
110.433333
110.466667
110.500000
110.533333
110.566667
110.600000
110.633333
110.666667
110.700000
110.733333
110.766667
110.800000
110.833333
110.866667
110.900000
110.933333
110.966667
111.000000
111.033333
111.066667
111.100000
111.133333
111.166667
111.200000
111.233333
111.266667
111.300000
111.333333
111.366667
111.400000
111.433333
111.466667
111.500000
111.533333
111.566667
111.600000
111.633333
111.666667
111.700000
111.733333
111.766667
111.800000
111.833333
111.866667
111.900000
111.933333
111.966667
112.000000
112.033333
112.066667
112.100000
112.133333
112.166667
112.200000
112.233333
112.266667
112.300000
112.333333
112.366667
112.400000
112.433333
112.466667
112.500000
112.533333
112.566667
112.600000
112.633333
112.666667
112.700000
112.733333
112.766667
112.800000
112.833333
112.866667
112.900000
112.933333
112.966667
113.000000
113.033333
113.066667
113.100000
113.133333
113.166667
113.200000
113.233333
113.266667
113.300000
113.333333
113.366667
113.400000
113.433333
113.466667
113.500000
113.533333
113.566667
113.600000
113.633333
113.666667
113.700000
113.733333
113.766667
113.800000
113.833333
113.866667
113.900000
113.933333
113.966667
114.000000
114.033333
114.066667
114.100000
114.133333
114.166667
114.200000
114.233333
114.266667
114.300000
114.333333
114.366667
114.400000
114.433333
114.466667
114.500000
114.533333
114.566667
114.600000
114.633333
114.666667
114.700000
114.733333
114.766667
114.800000
114.833333
114.866667
115.200000
115.266667
115.300000
115.333333
115.366667
115.400000
115.433333
115.466667
115.500000
115.533333
115.566667
115.600000
115.633333
115.666667
115.700000
115.733333
115.766667
115.800000
115.833333
115.866667
115.900000
115.933333
115.966667
116.000000
116.033333
116.066667
116.100000
116.133333
116.166667
116.200000
116.233333
116.266667
116.300000
116.333333
116.366667
116.400000
116.433333
116.466667
116.500000
116.533333
116.566667
116.600000
116.633333
116.666667
116.700000
116.733333
116.766667
116.800000
116.833333
116.866667
116.900000
116.933333
117.333333
117.366667
117.866667
117.900000
118.400000
118.433333
118.933333
118.966667
119.466667
119.500000
120.000000
120.033333
120.533333
120.566667
121.066667
121.100000
121.366667
121.400000
121.433333
121.466667
121.500000
121.533333
121.566667
121.600000
121.633333
121.666667
121.700000
121.733333
121.766667
121.800000
121.833333
121.866667
121.900000
121.933333
121.966667
122.000000
122.033333
122.066667
122.100000
122.133333
122.166667
122.200000
122.233333
122.266667
122.300000
122.333333
122.666667
122.700000
123.200000
123.233333
123.733333
123.766667
124.266667
124.300000
124.800000
124.833333
125.333333
125.366667
125.866667
125.900000
